 Enter config filename > 
 Frame number:  5
 
 Detector pixel (column, row): 
  427.  163.
 
 Detector position (detX,detY,0) relative to zeroed beam spot: 
 -49.4493014 -66.5583968  0.
 
 (qx,qy,qz) in coords of goniometer head: 
 -0.123417166  0.857564611 -1.15245255
 
 reciprocal-lattice vector (h,k,l): 
 -3.47433819 -3.62138762 -2.95698078
 
 grid indices (ig,jg,kg): 
 -497.433819 -425.485788 -11.5084791
 
 reciprocal-lattice vector (h,k,l): 
 -3.47433819 -3.62138762 -2.95698078
 
 (qx,qy,qz) in coords of goniometer head: 
 -0.123417166  0.857564611 -1.15245255
 
 Detector position (detX,detY,0) relative to zeroed beam spot: 
 -49.4493014 -66.5583968  1.29418698E-12
 
 Detector pixel (column, row): 
  427.  163.
 
 ubmat
 -0.001955  0.177126 -0.17289
 -0.247516 -0.000885  0.001892
  0.000736  0.172899  0.177127
 ubimat
 -0.0319068435 -4.03985514  0.0120085123
  2.89098569 -0.014443089  2.82198559
 -2.82184563  0.0308847834  2.89099163
 umat
 -0.00789819441  0.715588812 -0.6984756
 -0.999964639 -0.0035753975  0.00764368
  0.00297390212  0.698512194  0.71559308
 uimat
 -0.00789773353 -0.999964143  0.00297240402
  0.715590519 -0.00357469525  0.698511284
 -0.698476873  0.00764507632  0.715591759
 bmat
  0.247524752  0.  0.
 -8.08898259E-08  0.247524752  0.
 -8.08897994E-08 -8.08897994E-08  0.247524752
 bimat
  4.04  0.  0.
  1.32025138E-06  4.04  0.
  1.32025138E-06  1.32025095E-06  4.04
 gmat
  0.999073621 -0.0430330483 -0.000238018217
  0.0430337066  0.999058339  0.00552584802
  0. -0.0055309718  0.999984704
 gimat
  0.999073621  0.0430337066 -9.09494702E-13
 -0.0430330483  0.999058339 -0.0055309718
 -0.000238018217  0.00552584802  0.999984704
 dmat
  0.99989762 -0.000245652234  0.0143069569
  0.000360963057  0.999967471 -0.00805774835
 -0.0143045121  0.00806208768  0.999865183
 dimat
  0.99989762  0.000360963057 -0.0143045121
 -0.000245652234  0.999967471  0.00806208768
  0.0143069569 -0.00805774835  0.999865183
 omat
  0. -1.  0.
  0.  0.  1.
 -1.  0.  0.
 oimat
  0.  0. -1.
 -1.  0.  0.
  0.  1.  0.
 cD :  -365.964462 -0.00594673733  0.0349927142
 nD :   0.99989762 -0.000245652234  0.0143069569
